99.994727
99.993622
99.99259
99.990564
99.989766
99.982902
99.976405
99.974322
99.971569
99.967362
99.949265
99.946176
99.938733
99.928918
99.915887
99.899149
99.88679
99.844014
99.832849
99.829855
99.819501
99.817131
99.81213
99.807656
99.796446
99.79393
99.785436
99.778834
99.752947
99.741375
99.71767
99.699986
99.694092
99.679149
99.664704
99.661597
99.638504
99.615264
99.615262
99.612393
99.596034
99.585917
99.580717
99.578038
99.576907
99.572259
99.564786
99.562317
99.552501
99.54123
99.540482
99.533239
99.483018
99.44329
99.430357
99.418908
99.398076
99.389058
99.384897
99.383237
99.347711
99.323674
99.319773
99.309224
99.292606
99.265903
99.241386
99.228623
99.227406
99.197108
99.192182
99.181613
99.170145
99.157702
99.14837
99.144652
99.095253
99.072698
99.047706
99.03257
99.0324
99.013865
99.012675
98.990845
98.989678
98.989009
98.988368
98.981404
98.961272
98.959022
98.958077
98.943999
98.935997
98.934534
98.905582
98.878435
98.870811
98.860916
98.856811
98.85571
98.833754
98.833301
98.831838
98.81947
98.811384
98.700149
98.682947
98.679171
98.677321
98.63542
98.634609
98.632198
98.625938
98.605828
98.593709
98.585378
98.582585
98.582169
98.576901
98.570799
98.565142
98.537594
98.523857
98.512461
98.483082
98.462962
98.416777
98.404904
98.400327
98.367141
98.363584
98.33861
98.336621
98.318226
98.311677
98.295397
98.28063
98.279723
98.269923
98.246002
98.215501
98.204572
98.2038
98.162808
98.161896
98.157288
98.145599
98.143237
98.114595
98.112528
98.075112
98.058091
98.056
98.052358
98.047049
98.04567
98.043883
98.038988
97.988484
97.987243
97.978491
97.947792
97.932351
97.920277
97.91829
97.916914
97.878999
97.856318
97.839426
97.834216
97.832435
97.830026
97.804514
97.803706
97.78274
97.713523
97.700667
97.684437
97.642213
97.618608
97.6103
97.575218
97.500726
97.487242
97.459621
97.442027
97.428733
97.421435
97.383673
97.378265
97.371247
97.371205
97.30918
97.229124
97.215717
97.210801
97.210076
97.2041
97.191314
97.184151
97.179045
97.152063
97.151656
97.147609
97.146028
97.119269
97.091222
97.063434
97.060279
97.031113
97.030336
97.021459
97.011183
96.991067
96.968712
96.92934
96.920104
96.916078
96.915206
96.886071
96.881161
96.873126
96.872377
96.871321
96.81259
96.791244
96.787212
96.785168
96.778994
96.739376
96.697071
96.670695
96.639307
96.637462
96.61992
96.61655
96.557316
96.502087
96.500362
96.480265
96.448112
96.439626
96.403134
96.389162
96.378584
96.365328
96.352859
96.324926
96.311745
96.306277
96.294549
96.25604
96.25309
96.244185
96.217917
96.215402
96.172006
96.158655
96.155369
96.152616
96.15039
96.134976
96.107559
96.099534
96.096301
96.072
96.043431
96.020085
96.016764
95.993375
95.977108
95.971133
95.961425
95.917934
95.913021
95.90168
95.8912
95.850204
95.842259
95.827111
95.804321
95.749668
95.748782
95.700825
95.676498
95.672219
95.667903
95.648313
95.644092
95.603152
95.598814
95.584639
95.58289
95.527586
95.503806
95.502952
95.501172
95.466252
95.452315
95.447809
95.428908
95.371701
95.361683
95.356838
95.342223
95.299435
95.288251
95.282907
95.257606
95.253442
95.246345
95.230547
95.208119
95.183782
95.164596
95.159069
95.153857
95.108636
95.097359
95.079762
95.069495
95.069466
95.068023
95.03336
94.99726
94.991453
94.923195
94.862643
94.858918
94.799057
94.794416
94.78511
94.780953
94.770617
94.740298
94.739536
94.718307
94.717672
94.708496
94.706387
94.688883
94.677913
94.672302
94.665246
94.591261
94.577829
94.564825
94.549647
94.54929
94.530319
94.476462
94.472258
94.444189
94.405678
94.382036
94.335944
94.281029
94.260563
94.244578
94.232141
94.229952
94.206361
94.199949
94.183663
94.163874
94.095718
94.086717
94.063634
94.021813
93.965979
93.926177
93.842634
93.809055
93.79625
93.786667
93.720023
93.705403
93.682986
93.665686
93.654128
93.638335
93.636855
93.628327
93.62153
93.589577
93.583146
93.546234
93.538916
93.482468
93.460103
93.451062
93.448168
93.437424
93.427953
93.407257
93.384643
93.371826
93.342597
93.326996
93.286295
93.235991
93.21268
93.094441
93.060424
93.059174
93.052041
93.017586
93.002846
92.991494
92.970397
92.963601
92.950361
92.927001
92.918193
92.918112
92.851622
92.851452
92.830076
92.802909
92.797366
92.744419
92.737325
92.683776
92.673278
92.612077
92.556663
92.555072
92.537171
92.496134
92.469233
92.465369
92.427575
92.39125
92.332052
92.295244
92.273938
92.25741
92.25559
92.238052
92.227057
92.155864
92.139254
92.136111
92.101999
92.065704
92.02264
92.019436
92.013908
91.975465
91.956499
91.944385
91.928905
91.904885
91.890754
91.861376
91.835041
91.834742
91.77426
91.758667
91.756718
91.737115
91.726367
91.712408
91.690437
91.642519
91.616468
91.612933
91.562879
91.54583
91.541133
91.51518
91.511295
91.504491
91.446454
91.432586
91.428629
91.426784
91.420404
91.357733
91.320042
91.308658
91.25109
91.249085
91.243818
91.240594
91.227204
91.199171
91.163432
91.151383
91.093723
90.993706
90.955781
90.891966
90.831803
90.797768
90.722672
90.692359
90.674449
90.66068
90.642314
90.628789
90.623892
90.614728
90.593199
90.53849
90.512794
90.504391
90.478348
90.438206
90.394166
90.303863
90.287816
90.263969
90.187852
90.132457
90.11681
90.109091
90.10188
90.078563
90.064394
89.940807
89.922242
89.892756
89.832598
89.799218
89.709364
89.693019
89.659835
89.652416
89.574419
89.560896
89.544596
89.542026
89.476154
89.465007
89.410626
89.297303
89.275677
89.24722
89.240071
89.22797
89.200674
89.174836
89.166208
89.145016
89.121147
89.074156
89.00383
88.916651
88.814195
88.724277
88.688751
88.552716
88.545446
88.534891
88.420424
88.416822
88.410667
88.386984
88.346153
88.311689
88.310764
88.27518
88.24108
88.221968
88.206592
88.197587
88.165316
88.029862
87.983048
87.79734
87.764944
87.659177
87.626714
87.611735
87.58372
87.547248
87.516109
87.507061
87.492219
87.462067
87.391025
87.369759
87.368156
87.340423
87.299357
87.134988
87.087521
87.05572
86.993115
86.983505
86.896117
86.872192
86.811718
86.810821
86.776376
86.75509
86.713507
86.699878
86.552733
86.506515
86.430365
86.405483
86.308018
86.225106
86.154611
85.992046
85.959735
85.9312
85.897285
85.81172
85.802058
85.761986
85.580786
85.247031
85.21952
85.208966
85.187078
85.112248
85.07972
85.075212
85.025496
84.834388
84.719148
84.675879
84.666428
84.61126
84.588089
84.516875
84.414756
84.32297
84.279725
84.272842
84.242984
84.014858
83.890608
83.821308
83.809301
83.519199
83.307243
83.297709
83.258161
83.237685
83.201517
83.036891
82.986078
82.951019
82.834898
82.729462
82.72872
82.603559
82.472909
82.462228
82.356722
82.254593
82.084417
82.079071
82.044725
81.987148
81.856409
81.803451
81.694429
81.418478
81.152732
80.892902
80.77934
80.759432
80.624373
80.49405
80.400836
80.320959
80.206664
79.759637
79.263638
79.262757
79.019481
78.926487
78.415347
78.257708
78.128291
77.806416
77.641072
77.409174
77.248649
76.973717
76.264371
76.002191
75.971248
75.8246
74.708486
73.330712
73.175073
71.427904
70.513339
69.784999
65.041092
89.992266
89.959381
89.957826
89.934572
89.932972
89.914453
89.913641
89.911491
89.911021
89.909285
89.905999
89.898431
89.890434
89.855296
89.84849
89.811296
89.809479
89.807866
89.800967
89.791398
89.787554
89.763193
89.755231
89.745754
89.724207
89.69857
89.690239
89.66886
89.61994
89.59704
89.588481
89.576765
89.564897
89.553628
89.550031
89.529917
89.50894
89.497133
89.491729
89.457348
89.440733
89.402784
89.366109
89.359378
89.345231
89.331959
89.331673
89.328916
89.316315
89.300197
89.299511
89.272676
89.271909
89.270451
89.267439
89.242615
89.208449
89.193621
89.174621
89.158373
89.131773
89.12126
89.094022
89.081209
89.07508
89.069199
89.045382
89.044545
89.025421
89.003607
88.967894
88.959572
88.945191
88.941646
88.939997
88.933348
88.920862
88.902059
88.896053
88.885885
88.842167
88.83702
88.807738
88.761517
88.73723
88.734098
88.714478
88.710773
88.703046
88.696489
88.679652
88.677575
88.677297
88.668704
88.645588
88.642811
88.616475
88.607984
88.606844
88.596878
88.58396
88.577356
88.573803
88.5698
88.552671
88.545879
88.542001
88.531189
88.515661
88.484326
88.481089
88.455891
88.438325
88.383103
88.334534
88.327837
88.301295
88.289263
88.257971
88.252874
88.249238
88.231427
88.223629
88.216738
88.212235
88.207716
88.19762
88.196944
88.189391
88.1569
88.155949
88.152154
88.149874
88.1454
88.127202
88.11258
88.090639
88.083315
88.041451
88.022889
88.005017
87.974246
87.939796
87.928696
87.903344
87.898326
87.897412
87.881114
87.861949
87.860587
87.858976
87.828315
87.814922
87.750701
87.748964
87.746448
87.729422
87.727669
87.724734
87.712806
87.691697
87.66936
87.629836
87.573235
87.560628
87.548598
87.51837
87.513049
87.47709
87.474726
87.469139
87.467388
87.438792
87.435528
87.417841
87.409789
87.403455
87.393353
87.357422
87.355487
87.331374
87.279563
87.271268
87.270306
87.212005
87.18266
87.159555
87.152975
87.142969
87.141475
87.139961
87.138432
87.136741
87.129621
87.12541
87.11658
87.083971
87.071034
87.059488
87.023476
86.993622
86.988107
86.978243
86.970137
86.93859
86.925023
86.895369
86.849678
86.839216
86.817832
86.813077
86.788405
86.782774
86.764422
86.739012
86.737643
86.692592
86.663398
86.654019
86.64973
86.647775
86.641598
86.632963
86.632199
86.615383
86.5939
86.592266
86.58012
86.550833
86.547933
86.538627
86.499785
86.499141
86.438684
86.430953
86.399854
86.389425
86.367278
86.36062
86.353505
86.347835
86.325498
86.295494
86.270897
86.254621
86.249677
86.225579
86.223233
86.192362
86.1888
86.13474
86.125492
86.09545
86.077071
86.0742
86.070305
86.043899
86.043815
85.992723
85.92944
85.902913
85.902032
85.895201
85.825063
85.823937
85.808274
85.761622
85.740735
85.720981
85.719135
85.713966
85.69359
85.674453
85.670543
85.654762
85.654067
85.649723
85.602216
85.602095
85.561196
85.497525
85.495721
85.427496
85.404289
85.386755
85.359372
85.342064
85.338234
85.330886
85.306767
85.296421
85.276474
85.260583
85.258821
85.239837
85.18368
85.178206
85.117199
85.106152
85.079561
85.071493
85.069357
85.045354
85.02951
85.025546
84.991765
84.979405
84.973863
84.904533
84.904425
84.901755
84.881216
84.878128
84.865883
84.859673
84.85444
84.848742
84.823146
84.809676
84.801273
84.763552
84.752384
84.714847
84.660318
84.654121
84.65255
84.604827
84.599218
84.551507
84.54914
84.524846
84.506502
84.47572
84.452003
84.446711
84.433908
84.390722
84.384509
84.364892
84.343751
84.339241
84.262721
84.243014
84.24036
84.23961
84.227157
84.217829
84.208865
84.123554
84.045088
83.993314
83.988229
83.979944
83.9773
83.961272
83.937804
83.912138
83.899482
83.866805
83.81874
83.800892
83.797484
83.793885
83.78205
83.738449
83.705221
83.662956
83.600686
83.58152
83.55657
83.550404
83.534773
83.506808
83.479205
83.476167
83.460327
83.42501
83.410931
83.38067
83.309187
83.261304
83.257256
83.237094
83.211045
83.193866
83.176683
83.102473
83.030864
83.021988
83.012183
82.956999
82.922164
82.872701
82.865988
82.827662
82.790772
82.764558
82.723773
82.692397
82.684732
82.637121
82.629684
82.607738
82.590804
82.565107
82.541532
82.54074
82.525363
82.519188
82.485336
82.48308
82.313767
82.302577
82.296173
82.246544
82.154432
82.146836
82.117277
82.042926
82.011199
81.954091
81.942772
81.905075
81.889877
81.846916
81.842354
81.771669
81.718266
81.708407
81.632866
81.608687
81.551548
81.540853
81.532714
81.481181
81.434587
81.362489
81.329784
81.324851
81.3242
81.318159
81.281622
81.281442
81.245064
81.240927
81.236348
81.226118
81.221383
81.145248
81.109706
81.068027
81.038033
81.02977
80.95505
80.951415
80.933858
80.833567
80.81211
80.748587
80.717884
80.716057
80.708615
80.635217
80.624424
80.551518
80.508334
80.436033
80.396849
80.390726
80.377047
80.370544
80.358579
80.347261
80.274644
80.253181
80.20022
80.145914
80.087394
80.02374
80.020763
80.011091
79.990059
79.981961
79.945798
79.93386
79.906602
79.900696
79.86236
79.852921
79.794167
79.786274
79.70622
79.704544
79.646967
79.523536
79.492593
79.477864
79.458615
79.448802
79.439591
79.393016
79.380679
79.367989
79.282327
79.162786
79.15746
79.108035
79.094742
79.033926
78.96991
78.846944
78.843235
78.811054
78.793864
78.791225
78.784227
78.730492
78.599159
78.496243
78.465355
78.435041
78.418028
78.356079
78.350611
78.306294
78.217788
78.12633
78.112733
78.105038
78.095314
78.004103
77.958368
77.943689
77.914402
77.913451
77.749973
77.684423
77.46849
77.430643
77.352351
77.169371
77.111362
77.033375
76.970517
76.804442
76.76581
76.762918
76.720255
76.670972
76.396783
76.290033
76.239432
76.226772
76.184894
76.168664
76.020606
75.992091
75.856699
75.83206
75.56086
75.537917
75.49181
75.45374
75.441566
75.309822
75.141979
75.091182
75.0486
74.963952
74.961759
74.905592
74.884139
74.802206
74.719753
74.607333
74.572035
74.557468
74.480407
74.42268
74.264739
74.260136
73.936251
73.88289
73.852655
73.795526
73.775543
73.703501
73.684826
73.624827
73.623282
73.595878
73.385993
73.334121
73.237811
73.186372
73.148242
73.097688
72.907453
72.89857
72.727577
72.328194
72.282305
71.925786
71.916647
71.762439
71.468844
71.41724
71.367822
71.196764
71.140071
71.026762
70.338301
70.029813
70.025336
69.824924
69.712191
69.392639
69.357013
69.283141
69.250489
69.226216
68.975434
68.860364
68.651951
68.614142
68.587878
68.558432
68.450223
68.43734
68.22814
68.099848
67.498493
67.351902
66.873197
66.450087
66.147673
66.082016
65.138382
65.013754
64.775663
64.294995
64.020146
63.632855
63.349792
62.955975
62.781972
62.411252
61.729956
61.621862
60.95292
60.780291
60.419889
60.102942
59.773546
59.140948
57.760527
57.277966
56.938615
56.495097
55.478914
55.337334
54.23271
52.907369
52.199276
48.869223
46.63332
35.629163
79.974847
79.94236
79.942238
79.938312
79.936372
79.891485
79.875176
79.875078
79.853781
79.84902
79.828594
79.826957
79.823795
79.775944
79.740428
79.696207
79.685295
79.658786
79.650865
79.554493
79.545137
79.545103
79.538238
79.511678
79.431747
79.429372
79.370078
79.342338
79.337657
79.311086
79.283503
79.265723
79.26056
79.243378
79.190065
79.17763
79.163884
79.135279
79.135104
79.097912
79.097331
79.094621
79.026654
79.021281
79.020937
78.995248
78.954452
78.949133
78.945317
78.865294
78.851632
78.832716
78.748577
78.710264
78.647474
78.609646
78.575097
78.544937
78.542244
78.504535
78.499792
78.49945
78.468874
78.459867
78.448032
78.436325
78.424482
78.411679
78.411679
78.386144
78.37206
78.352054
78.311441
78.294385
78.252973
78.173408
78.163636
78.149426
78.130985
78.116969
78.097825
78.095255
78.082877
78.072646
78.069353
78.048875
78.045489
78.028203
78.028203
78.012405
77.99523
77.936812
77.814243
77.784856
77.769135
77.764423
77.748005
77.71595
77.714449
77.674341
77.616992
77.58548
77.558468
77.534985
77.474266
77.45385
77.451562
77.446145
77.446145
77.430322
77.415833
77.3648
77.360713
77.294065
77.265184
77.258695
77.234216
77.197143
77.150732
77.052881
77.047906
76.964765
76.913791
76.908272
76.891976
76.780837
76.771898
76.71088
76.692712
76.647362
76.638829
76.612421
76.583646
76.548978
76.540154
76.440957
76.429671
76.397113
76.350776
76.324152
76.31045
76.293936
76.272253
76.221176
76.184672
76.012448
76.009567
75.995266
75.957845
75.927695
75.867713
75.842241
75.727003
75.703786
75.604399
75.591738
75.548237
75.512303
75.479013
75.435088
75.344567
75.314144
75.246741
75.115116
75.047708
75.027329
75.004474
74.970404
74.958651
74.89141
74.86319
74.858097
74.798045
74.791231
74.744501
74.741955
74.711649
74.671674
74.600103
74.548587
74.502401
74.487395
74.434444
74.39342
74.38573
74.290764
74.213333
74.182368
74.140653
74.122244
74.092749
74.087057
74.015403
73.999927
73.938386
73.854962
73.853951
73.796663
73.773558
73.718368
73.689158
73.65207
73.606757
73.530642
73.504252
73.482754
73.477448
73.434858
73.350698
73.144774
73.043846
73.002072
72.954733
72.835597
72.8191
72.753834
72.622417
72.59878
72.535425
72.429318
72.410039
72.331262
72.289451
72.253754
72.114377
72.053443
72.037485
72.018221
72.003359
71.903889
71.883895
71.839658
71.826878
71.735223
71.707274
71.668238
71.602017
71.542355
71.519852
71.503111
71.467279
71.432401
71.412288
71.388535
71.347646
71.309347
71.274831
71.267071
71.20701
71.124587
71.059831
71.057142
71.0155
70.949644
70.899189
70.807035
70.722694
70.687506
70.597528
70.434753
70.349361
70.294309
70.27387
70.268909
70.267823
70.237757
70.216129
69.972392
69.972392
69.908169
69.769644
69.701553
69.619322
69.596955
69.587318
69.548295
69.469017
69.451785
69.445412
69.416586
69.390273
69.385965
69.358987
69.350969
69.33426
69.319557
69.313603
69.163217
69.152401
69.079833
69.023912
69.009341
68.952275
68.950642
68.732046
68.684387
68.668248
68.593964
68.483039
68.467528
68.438879
68.35507
68.122243
68.111062
68.071973
68.02426
67.912481
67.872236
67.817556
67.504497
67.452369
67.00446
66.936646
66.708536
66.677414
66.366622
66.154468
65.878409
65.845001
65.748236
65.069879
65.057013
65.025919
64.921734
64.908959
64.709403
64.644935
64.612128
64.413466
64.212506
64.178495
64.130919
64.093942
63.824921
63.645959
63.346202
63.219736
63.061254
62.518835
62.469173
61.86328
61.517549
61.496949
61.231717
61.19328
60.983112
60.770056
60.643005
60.406741
60.047032
59.882879
59.826426
59.661815
59.470432
59.294106
58.12773
57.320959
57.314631
56.80591
56.658556
55.972955
55.521131
53.981703
53.587993
51.90814
51.852357
50.321668
46.984846
46.472788
45.923807
42.805695
42.763165
40.355549
39.078085
35.480619
69.981909
69.958015
69.955409
69.951663
69.8986
69.822097
69.816487
69.792583
69.781509
69.779503
69.667967
69.503026
69.458465
69.394347
69.390416
69.390316
69.369576
69.252147
69.194167
69.189772
69.150989
69.149779
69.094377
69.071418
69.02803
68.959084
68.936027
68.867846
68.813161
68.671535
68.663065
68.528014
68.396738
68.283526
68.249728
68.165792
68.138711
68.106676
67.922761
67.720508
67.70673
67.648853
67.646973
67.511695
67.484869
67.4558
67.455457
67.333684
67.258008
67.207932
67.168101
67.092209
67.08332
67.029148
66.962365
66.898959
66.89272
66.890819
66.885562
66.872678
66.815041
66.811754
66.743476
66.59882
66.595459
66.580398
66.449198
66.317677
66.308537
66.297736
66.287895
66.217867
66.205907
66.092208
65.89541
65.819684
65.779713
65.722506
65.634033
65.603311
65.574507
65.540793
65.517015
65.512119
65.507011
65.406771
65.383028
65.270431
65.234991
65.230692
65.19575
65.168589
65.098924
65.013412
65.002682
64.898706
64.733232
64.657353
64.618418
64.605277
64.590199
64.483662
64.445556
64.403022
64.377611
64.291931
64.24769
64.204988
64.143705
63.884846
63.803884
63.785771
63.593004
63.56957
63.539152
63.538801
63.524429
63.463381
63.414845
63.414392
63.385396
63.341256
63.295642
63.282119
63.219643
62.842714
62.83555
62.747007
62.700913
62.677503
62.668434
62.459198
62.294423
62.158582
62.151452
62.067462
62.013314
61.932658
61.927635
61.834588
61.769924
61.765694
61.746367
61.520776
61.373191
61.269575
61.049338
60.983122
60.918334
60.848855
60.769327
60.759065
60.725587
60.672547
60.608043
60.59333
60.582677
60.522853
60.158787
60.088538
60.074644
59.996719
59.9838
59.926917
59.607772
59.547425
59.326205
59.30538
59.226288
59.208481
59.207636
59.102253
58.980071
58.928282
58.691478
58.64659
58.591712
58.46412
58.305645
58.063296
57.922895
57.915932
57.902058
57.829232
57.671792
57.475008
57.005126
56.995148
56.733621
56.606393
56.366298
56.361375
56.208757
56.051841
55.955695
55.789693
55.721763
55.665172
55.599415
55.383152
55.324584
55.220303
55.145811
54.87038
54.679227
54.521018
54.501973
54.44476
54.338806
53.757474
53.690568
53.64836
53.357102
53.010924
52.986292
52.51079
52.151971
52.135948
51.993756
51.695402
51.155757
50.48076
49.5952
48.566144
48.560628
47.81007
47.651799
47.068093
45.099628
44.471179
44.464088
43.945188
43.432358
37.503839
34.354228
29.407946
27.367263