0.999874
0.999847
0.999822
0.999774
0.999755
0.99959
0.999434
0.999384
0.999318
0.999218
0.998784
0.99871
0.998532
0.998297
0.997985
0.997584
0.997289
0.996266
0.995999
0.995927
0.99568
0.995623
0.995504
0.995397
0.995129
0.995069
0.994866
0.994709
0.994091
0.993815
0.99325
0.992828
0.992688
0.992332
0.991988
0.991914
0.991364
0.990811
0.990811
0.990743
0.990354
0.990113
0.989989
0.989926
0.989899
0.989788
0.989611
0.989552
0.989319
0.989051
0.989033
0.988861
0.987669
0.986727
0.98642
0.986149
0.985655
0.985442
0.985343
0.985304
0.984463
0.983894
0.983802
0.983553
0.98316
0.982529
0.98195
0.981648
0.98162
0.980905
0.980789
0.980539
0.980269
0.979976
0.979756
0.979668
0.978505
0.977974
0.977386
0.97703
0.977026
0.97659
0.976562
0.976049
0.976022
0.976006
0.975991
0.975827
0.975355
0.975302
0.97528
0.974949
0.974761
0.974727
0.974048
0.973411
0.973233
0.973001
0.972905
0.972879
0.972364
0.972354
0.97232
0.97203
0.971841
0.96924
0.968838
0.96875
0.968707
0.967729
0.96771
0.967654
0.967508
0.967039
0.966756
0.966562
0.966497
0.966487
0.966365
0.966222
0.966091
0.965449
0.965129
0.964864
0.964181
0.963713
0.96264
0.962364
0.962258
0.961488
0.961405
0.960826
0.96078
0.960353
0.960201
0.959824
0.959482
0.959461
0.959234
0.95868
0.957974
0.957722
0.957704
0.956756
0.956735
0.956628
0.956358
0.956304
0.955642
0.955595
0.954731
0.954339
0.95429
0.954206
0.954084
0.954052
0.954011
0.953898
0.952734
0.952706
0.952504
0.951798
0.951442
0.951165
0.951119
0.951087
0.950216
0.949695
0.949307
0.949187
0.949146
0.949091
0.948505
0.948487
0.948006
0.946419
0.946125
0.945753
0.944787
0.944247
0.944057
0.943255
0.941555
0.941247
0.940618
0.940217
0.939914
0.939747
0.938888
0.938765
0.938605
0.938604
0.937194
0.935375
0.935071
0.93496
0.934943
0.934808
0.934518
0.934355
0.93424
0.933628
0.933619
0.933527
0.933491
0.932885
0.93225
0.931622
0.93155
0.930891
0.930873
0.930673
0.93044
0.929986
0.929481
0.928592
0.928384
0.928293
0.928274
0.927617
0.927506
0.927325
0.927308
0.927284
0.925961
0.925481
0.92539
0.925344
0.925205
0.924314
0.923364
0.922772
0.922067
0.922026
0.921632
0.921557
0.920229
0.918992
0.918954
0.918504
0.917785
0.917595
0.91678
0.916468
0.916232
0.915936
0.915658
0.915035
0.914741
0.914619
0.914357
0.913499
0.913434
0.913235
0.91265
0.912594
0.911629
0.911332
0.911259
0.911198
0.911148
0.910806
0.910197
0.910018
0.909947
0.909407
0.908773
0.908255
0.908182
0.907663
0.907303
0.90717
0.906955
0.905992
0.905884
0.905633
0.905401
0.904494
0.904319
0.903984
0.903481
0.902274
0.902255
0.901197
0.900661
0.900567
0.900472
0.90004
0.899947
0.899046
0.898951
0.898639
0.8986
0.897385
0.896862
0.896843
0.896804
0.896038
0.895732
0.895633
0.895218
0.893965
0.893745
0.893639
0.893319
0.892382
0.892138
0.892021
0.891468
0.891377
0.891221
0.890876
0.890386
0.889855
0.889436
0.889315
0.889202
0.888215
0.88797
0.887586
0.887362
0.887362
0.88733
0.886575
0.88579
0.885663
0.884179
0.882864
0.882784
0.881485
0.881385
0.881183
0.881093
0.880869
0.880212
0.880196
0.879736
0.879722
0.879524
0.879478
0.879099
0.878862
0.878741
0.878588
0.876989
0.876699
0.876418
0.876091
0.876083
0.875674
0.874512
0.874422
0.873817
0.872988
0.872479
0.871488
0.870308
0.869869
0.869526
0.869259
0.869212
0.868706
0.868568
0.868219
0.867795
0.866335
0.866143
0.865649
0.864754
0.863562
0.862712
0.860931
0.860215
0.859943
0.859739
0.858321
0.85801
0.857534
0.857167
0.856921
0.856586
0.856554
0.856373
0.856229
0.855551
0.855415
0.854632
0.854477
0.853281
0.852808
0.852617
0.852556
0.852328
0.852128
0.85169
0.851212
0.850941
0.850324
0.849995
0.849136
0.848075
0.847584
0.845095
0.84438
0.844354
0.844204
0.84348
0.843171
0.842932
0.84249
0.842347
0.842069
0.84158
0.841395
0.841393
0.84
0.839997
0.839549
0.838981
0.838865
0.837758
0.83761
0.836491
0.836272
0.834995
0.833841
0.833807
0.833435
0.83258
0.832021
0.83194
0.831155
0.8304
0.829171
0.828408
0.827966
0.827623
0.827586
0.827222
0.826995
0.825521
0.825177
0.825112
0.824407
0.823657
0.822768
0.822702
0.822588
0.821795
0.821404
0.821154
0.820835
0.82034
0.820049
0.819444
0.818902
0.818896
0.817652
0.817332
0.817292
0.816889
0.816669
0.816382
0.815931
0.814948
0.814414
0.814341
0.813316
0.812967
0.812871
0.812339
0.81226
0.812121
0.810934
0.810651
0.81057
0.810532
0.810402
0.809122
0.808353
0.808121
0.806947
0.806907
0.806799
0.806734
0.806461
0.80589
0.805163
0.804918
0.803746
0.801715
0.800946
0.799653
0.798435
0.797747
0.79623
0.795618
0.795256
0.794978
0.794608
0.794335
0.794236
0.794052
0.793618
0.792516
0.791999
0.791829
0.791306
0.790498
0.789614
0.787801
0.787479
0.787001
0.785476
0.784368
0.784055
0.783901
0.783757
0.783291
0.783008
0.780541
0.780171
0.779583
0.778385
0.777721
0.775935
0.77561
0.774951
0.774804
0.773257
0.772989
0.772666
0.772615
0.771311
0.77109
0.770015
0.767776
0.767349
0.766788
0.766647
0.766409
0.765871
0.765362
0.765192
0.764774
0.764304
0.76338
0.761998
0.760286
0.758278
0.756518
0.755823
0.753167
0.753025
0.752819
0.750589
0.750519
0.750399
0.749938
0.749144
0.748474
0.748456
0.747765
0.747102
0.746731
0.746433
0.746258
0.745632
0.743008
0.742103
0.738517
0.737892
0.735855
0.735231
0.734942
0.734404
0.733703
0.733105
0.732931
0.732646
0.732068
0.730705
0.730298
0.730267
0.729736
0.728949
0.725807
0.724901
0.724294
0.723101
0.722918
0.721254
0.720799
0.719649
0.719632
0.718977
0.718573
0.717784
0.717525
0.714736
0.713861
0.712421
0.711951
0.710111
0.708548
0.70722
0.704163
0.703556
0.70302
0.702384
0.70078
0.700599
0.699849
0.69646
0.690242
0.68973
0.689534
0.689128
0.687738
0.687135
0.687051
0.68613
0.682592
0.680464
0.679665
0.679491
0.678474
0.678047
0.676735
0.674857
0.67317
0.672377
0.67225
0.671703
0.667525
0.665254
0.66399
0.663771
0.658489
0.654643
0.65447
0.653754
0.653383
0.652728
0.649752
0.648834
0.648202
0.646108
0.644209
0.644196
0.641946
0.6396
0.639409
0.637517
0.635689
0.632647
0.632552
0.631939
0.630911
0.628581
0.627639
0.625699
0.620802
0.6161
0.611516
0.609517
0.609167
0.606793
0.604505
0.602871
0.601471
0.599471
0.591671
0.583058
0.583043
0.578833
0.577226
0.568421
0.565713
0.563493
0.557982
0.555157
0.551201
0.548467
0.543793
0.531776
0.52735
0.526828
0.524356
0.505614
0.482621
0.480031
0.451017
0.43584
0.423738
0.343291
0.999823
0.999072
0.999037
0.998506
0.99847
0.998047
0.998029
0.99798
0.997969
0.99793
0.997855
0.997682
0.9975
0.9967
0.996545
0.995699
0.995658
0.995621
0.995465
0.995247
0.99516
0.994607
0.994426
0.994211
0.993722
0.993141
0.992953
0.992469
0.991362
0.990845
0.990651
0.990387
0.990119
0.989865
0.989783
0.98933
0.988857
0.988591
0.988469
0.987695
0.987322
0.986469
0.985645
0.985494
0.985177
0.98488
0.984873
0.984811
0.984529
0.984168
0.984152
0.983552
0.983535
0.983502
0.983434
0.982879
0.982116
0.981785
0.98136
0.980998
0.980405
0.98017
0.979564
0.979279
0.979142
0.979011
0.978482
0.978463
0.978038
0.977553
0.976761
0.976576
0.976257
0.976178
0.976142
0.975995
0.975718
0.975301
0.975168
0.974943
0.973976
0.973863
0.973216
0.972195
0.97166
0.971591
0.971159
0.971077
0.970907
0.970763
0.970392
0.970346
0.97034
0.970151
0.969643
0.969582
0.969003
0.968817
0.968792
0.968573
0.968289
0.968144
0.968066
0.967979
0.967603
0.967454
0.967369
0.967132
0.966792
0.966106
0.966035
0.965484
0.9651
0.963894
0.962835
0.962689
0.962111
0.961849
0.961168
0.961057
0.960978
0.960591
0.960422
0.960272
0.960174
0.960076
0.959857
0.959842
0.959678
0.958974
0.958953
0.958871
0.958821
0.958724
0.95833
0.958013
0.957538
0.95738
0.956474
0.956073
0.955687
0.955023
0.95428
0.954041
0.953495
0.953387
0.953368
0.953017
0.952605
0.952575
0.952541
0.951882
0.951594
0.950216
0.950179
0.950125
0.94976
0.949722
0.949659
0.949404
0.948952
0.948474
0.947629
0.946421
0.946152
0.945895
0.945251
0.945138
0.944372
0.944322
0.944203
0.944166
0.943558
0.943489
0.943113
0.942942
0.942807
0.942593
0.94183
0.941789
0.941278
0.940181
0.940006
0.939985
0.938753
0.938133
0.937646
0.937507
0.937296
0.937265
0.937233
0.937201
0.937165
0.937015
0.936926
0.93674
0.936053
0.935781
0.935538
0.934781
0.934154
0.934038
0.933831
0.933661
0.933
0.932715
0.932094
0.931138
0.930919
0.930472
0.930373
0.929858
0.92974
0.929357
0.928827
0.928799
0.92786
0.927252
0.927057
0.926968
0.926927
0.926799
0.92662
0.926604
0.926254
0.925808
0.925774
0.925522
0.924914
0.924854
0.924661
0.923856
0.923843
0.922591
0.922431
0.921789
0.921573
0.921116
0.920979
0.920832
0.920715
0.920254
0.919636
0.919129
0.918794
0.918693
0.918197
0.918149
0.917514
0.917441
0.916332
0.916142
0.915526
0.91515
0.915091
0.915011
0.914471
0.914469
0.913424
0.912132
0.911591
0.911574
0.911434
0.910006
0.909983
0.909665
0.908717
0.908293
0.907892
0.907855
0.90775
0.907337
0.906949
0.90687
0.90655
0.906536
0.906448
0.905487
0.905485
0.904658
0.903373
0.903337
0.901962
0.901495
0.901143
0.900593
0.900245
0.900168
0.900021
0.899537
0.899329
0.898929
0.898611
0.898575
0.898195
0.897071
0.896962
0.895743
0.895523
0.894992
0.894831
0.894789
0.89431
0.893995
0.893916
0.893243
0.892998
0.892887
0.89151
0.891508
0.891455
0.891047
0.890986
0.890743
0.89062
0.890516
0.890403
0.889896
0.889629
0.889463
0.888717
0.888496
0.887754
0.886678
0.886556
0.886525
0.885584
0.885474
0.884535
0.884488
0.884011
0.88365
0.883046
0.882581
0.882477
0.882226
0.88138
0.881258
0.880874
0.88046
0.880372
0.878877
0.878492
0.878441
0.878426
0.878183
0.878001
0.877826
0.876165
0.874641
0.873637
0.873538
0.873378
0.873326
0.873016
0.872562
0.872065
0.87182
0.871189
0.870261
0.869916
0.869851
0.869781
0.869553
0.868713
0.868073
0.867261
0.866065
0.865697
0.865219
0.865101
0.864801
0.864266
0.863737
0.863679
0.863376
0.862701
0.862433
0.861855
0.860492
0.859581
0.859504
0.85912
0.858625
0.858299
0.857973
0.856566
0.85521
0.855042
0.854857
0.853815
0.853157
0.852225
0.852099
0.851377
0.850684
0.850191
0.849425
0.848837
0.848693
0.847801
0.847662
0.847251
0.846934
0.846454
0.846013
0.845999
0.845711
0.845596
0.844964
0.844922
0.841771
0.841563
0.841444
0.840524
0.838818
0.838677
0.838131
0.836758
0.836173
0.835121
0.834912
0.834219
0.83394
0.833151
0.833067
0.831771
0.830793
0.830612
0.829232
0.82879
0.827748
0.827553
0.827405
0.826467
0.82562
0.824311
0.823718
0.823628
0.823616
0.823507
0.822845
0.822842
0.822184
0.822109
0.822026
0.821841
0.821755
0.82038
0.819739
0.818988
0.818448
0.8183
0.816956
0.816891
0.816576
0.814778
0.814394
0.813257
0.812709
0.812676
0.812544
0.811234
0.811042
0.809744
0.808977
0.807693
0.806998
0.80689
0.806648
0.806533
0.806321
0.80612
0.804836
0.804457
0.803523
0.802565
0.801535
0.800417
0.800365
0.800195
0.799826
0.799683
0.799049
0.79884
0.798363
0.798259
0.797588
0.797423
0.796396
0.796258
0.794862
0.794833
0.79383
0.791685
0.791148
0.790892
0.790559
0.790389
0.790229
0.789423
0.78921
0.78899
0.787511
0.785451
0.785359
0.784509
0.784281
0.783237
0.782139
0.780036
0.779973
0.779423
0.77913
0.779085
0.778966
0.77805
0.775816
0.774071
0.773547
0.773034
0.772747
0.7717
0.771607
0.770859
0.769368
0.76783
0.767602
0.767473
0.767309
0.76578
0.765014
0.764769
0.764279
0.764263
0.761536
0.760445
0.756863
0.756237
0.754943
0.75193
0.750977
0.749698
0.748669
0.745956
0.745327
0.74528
0.744585
0.743784
0.739341
0.737618
0.736803
0.736599
0.735926
0.735665
0.733289
0.732832
0.730668
0.730274
0.72596
0.725596
0.724866
0.724263
0.72407
0.721989
0.719346
0.718548
0.71788
0.716553
0.716519
0.71564
0.715305
0.714025
0.71274
0.710991
0.710442
0.710216
0.709021
0.708127
0.705686
0.705615
0.700636
0.699819
0.699357
0.698484
0.698179
0.697079
0.696795
0.695881
0.695857
0.69544
0.692255
0.691469
0.690014
0.689238
0.688663
0.687901
0.685043
0.684909
0.68235
0.676407
0.675727
0.670466
0.670332
0.668069
0.663779
0.663028
0.662309
0.659826
0.659005
0.657366
0.647489
0.643106
0.643043
0.640209
0.63862
0.634133
0.633635
0.632602
0.632146
0.631808
0.628316
0.62672
0.623837
0.623315
0.622953
0.622547
0.621057
0.62088
0.618008
0.616253
0.608078
0.606099
0.59967
0.594033
0.590029
0.589162
0.576813
0.575197
0.572118
0.565939
0.562427
0.557504
0.553925
0.548972
0.546793
0.54217
0.53374
0.53241
0.524228
0.522128
0.517763
0.513941
0.509987
0.502441
0.486186
0.480568
0.476636
0.47152
0.459891
0.458281
0.445794
0.430976
0.423125
0.386664
0.362428
0.235583
0.999425
0.998684
0.998681
0.998591
0.998547
0.997524
0.997153
0.99715
0.996665
0.996557
0.996093
0.996055
0.995983
0.994896
0.99409
0.993088
0.992841
0.992241
0.992061
0.989884
0.989673
0.989672
0.989517
0.988919
0.98712
0.987066
0.985734
0.985112
0.985007
0.984412
0.983794
0.983396
0.983281
0.982896
0.981705
0.981428
0.981121
0.980483
0.980479
0.97965
0.979637
0.979577
0.978065
0.977946
0.977938
0.977368
0.976462
0.976344
0.97626
0.974488
0.974186
0.973767
0.97191
0.971066
0.969684
0.968853
0.968095
0.967433
0.967374
0.966548
0.966444
0.966437
0.965768
0.965571
0.965312
0.965056
0.964797
0.964518
0.964518
0.96396
0.963653
0.963217
0.962332
0.96196
0.96106
0.959332
0.95912
0.958812
0.958412
0.958108
0.957694
0.957638
0.95737
0.957149
0.957078
0.956635
0.956562
0.956188
0.956188
0.955847
0.955476
0.954216
0.951579
0.950948
0.950611
0.95051
0.950158
0.949471
0.949439
0.948581
0.947355
0.946682
0.946106
0.945605
0.944312
0.943878
0.943829
0.943714
0.943714
0.943378
0.94307
0.941987
0.9419
0.940488
0.939877
0.93974
0.939222
0.938439
0.93746
0.935399
0.935295
0.933549
0.93248
0.932364
0.932023
0.9297
0.929513
0.928241
0.927863
0.926919
0.926741
0.926193
0.925595
0.924876
0.924693
0.922638
0.922405
0.921732
0.920776
0.920226
0.919944
0.919604
0.919157
0.918106
0.917356
0.913827
0.913769
0.913476
0.912712
0.912097
0.910874
0.910356
0.908014
0.907543
0.905531
0.905275
0.904396
0.903671
0.903
0.902115
0.900295
0.899685
0.898333
0.895702
0.894357
0.893951
0.893496
0.892819
0.892585
0.89125
0.89069
0.890589
0.889399
0.889264
0.88834
0.88829
0.887691
0.886902
0.885491
0.884478
0.88357
0.883275
0.882236
0.881432
0.881282
0.879425
0.877914
0.87731
0.876498
0.87614
0.875567
0.875456
0.874065
0.873765
0.872573
0.87096
0.87094
0.869835
0.869389
0.868326
0.867764
0.867051
0.866181
0.864722
0.864217
0.863805
0.863704
0.86289
0.861283
0.857367
0.855456
0.854666
0.853772
0.851527
0.851216
0.84999
0.847526
0.847083
0.845899
0.84392
0.843561
0.842096
0.84132
0.840657
0.838077
0.836952
0.836657
0.836302
0.836028
0.834197
0.83383
0.833017
0.832783
0.831103
0.830592
0.829878
0.828668
0.827581
0.827171
0.826866
0.826214
0.82558
0.825214
0.824783
0.824041
0.823347
0.822722
0.822582
0.821496
0.820008
0.818841
0.818792
0.818043
0.816859
0.815954
0.814303
0.812795
0.812167
0.810563
0.80767
0.806157
0.805184
0.804823
0.804735
0.804716
0.804185
0.803803
0.799516
0.799516
0.79839
0.795968
0.79478
0.793349
0.79296
0.792792
0.792114
0.790739
0.790441
0.79033
0.789831
0.789376
0.789301
0.788835
0.788696
0.788407
0.788153
0.788051
0.785458
0.785272
0.784025
0.783065
0.782815
0.781837
0.78181
0.778076
0.777265
0.77699
0.775728
0.773847
0.773584
0.773099
0.771683
0.767762
0.767574
0.766918
0.766118
0.764247
0.763574
0.762662
0.757459
0.756596
0.749224
0.748115
0.744395
0.743888
0.738854
0.735437
0.731014
0.730481
0.728938
0.718214
0.718012
0.717524
0.715893
0.715693
0.712578
0.711575
0.711065
0.707984
0.704881
0.704357
0.703625
0.703056
0.698933
0.696203
0.691652
0.689741
0.687353
0.679238
0.678499
0.669548
0.664489
0.664189
0.660332
0.659775
0.656736
0.653668
0.651844
0.648465
0.64335
0.641027
0.64023
0.637911
0.635223
0.632755
0.616634
0.605681
0.605596
0.598771
0.596805
0.587725
0.581799
0.561937
0.556936
0.535937
0.535248
0.516576
0.477171
0.471263
0.464967
0.429846
0.429374
0.402859
0.388934
0.349938
0.999587
0.999041
0.998982
0.998896
0.997686
0.995945
0.995817
0.995274
0.995023
0.994977
0.992448
0.988724
0.987721
0.986279
0.986191
0.986189
0.985723
0.983092
0.981797
0.981699
0.980833
0.980806
0.979572
0.979061
0.978096
0.976565
0.976054
0.974544
0.973335
0.970213
0.970027
0.967062
0.964191
0.961724
0.960989
0.959166
0.958579
0.957885
0.953913
0.949569
0.949274
0.948036
0.947995
0.945109
0.944538
0.94392
0.943912
0.941327
0.939725
0.938667
0.937826
0.936227
0.93604
0.9349
0.933498
0.932169
0.932039
0.931999
0.931889
0.931619
0.930414
0.930345
0.92892
0.92591
0.92584
0.925527
0.922809
0.920093
0.919905
0.919682
0.919479
0.918038
0.917793
0.91546
0.911439
0.909897
0.909084
0.907923
0.906131
0.905509
0.904927
0.904246
0.903766
0.903667
0.903564
0.901545
0.901068
0.898808
0.898098
0.898012
0.897313
0.89677
0.895378
0.893674
0.893461
0.891394
0.888117
0.886619
0.885852
0.885593
0.885296
0.883202
0.882454
0.88162
0.881123
0.879447
0.878584
0.877751
0.876557
0.871537
0.869974
0.869625
0.865917
0.865468
0.864885
0.864878
0.864603
0.863435
0.862507
0.862499
0.861945
0.861103
0.860234
0.859977
0.858789
0.851661
0.851526
0.849861
0.848996
0.848558
0.848388
0.844477
0.841412
0.838894
0.838763
0.837211
0.836212
0.834726
0.834634
0.832924
0.831739
0.831661
0.831307
0.827187
0.824505
0.822627
0.818652
0.817461
0.816297
0.815051
0.813628
0.813445
0.812847
0.8119
0.81075
0.810488
0.810299
0.809235
0.802792
0.801556
0.801311
0.799942
0.799716
0.798718
0.793148
0.792099
0.788268
0.787909
0.786544
0.786238
0.786223
0.78441
0.782314
0.781427
0.777386
0.776622
0.77569
0.773526
0.770849
0.766772
0.764421
0.764305
0.764073
0.762857
0.760235
0.756971
0.749235
0.749072
0.744803
0.742735
0.738848
0.738769
0.73631
0.733789
0.73225
0.729599
0.728517
0.727616
0.726572
0.723147
0.722222
0.720578
0.719406
0.71509
0.712109
0.709651
0.709355
0.708469
0.70683
0.697903
0.696882
0.696239
0.691817
0.686596
0.686226
0.679118
0.673799
0.673563
0.671466
0.667087
0.659232
0.649522
0.636974
0.622653
0.622577
0.612303
0.610154
0.602281
0.57631
0.568198
0.568107
0.561472
0.554967
0.483193
0.447161
0.392522
0.370376